112
601
347
45
352
493
186
599
584
233
740
441
855
957
438
213
337
896
704
600
428
818
973
711
496
885
393
173
889
574
261
327
11
807
887
403
686
312
665
716
654
46
693
161
201
704
29
613
685
294
173
495
497
427
163
56
275
344
88
582
994
315
493
220
317
627
477
606
724
601
372
455
886
776
21
341
582
174
138
744
421
369
450
429
276
936
721
73
352
324
884
210
508
529
729
931
263
218
543
366
718
858
847
328
590
139
568
19
772
599
955
273
106
207
362
787
304
859
714
515
250
298
967
857
723
201
437
993
572
594
243
696
152
157
677
384
392
535
910
18
715
847
429
773
623
443
735
802
507
448
37
286
218
235
720
440
272
911
583
689
762
366
99
524
280
876
6
226
813
883
765
540
35
70
218
564
889
759
884
535
765
473
987
209
101
385
658
860
892
376
876
959
383
146
891
109
799
848
159
345
640
500
7
476
759
164
39
868
672
317
738
752
453
428
171
484
671
643
355
808
76
901
555
357
554
839
682
865
667
320
904
577
630
804
467
917
396
882
719
929
159
337
521
634
822
510
403
994
325
8
689
836
970
277
934
788
814
125
618
915
805
424
612
350
806
905
991
177
236
125
194
197
468
584
135
463
126
561
76
657
159
461
495
139
124
426
843
485
602
903
696
406
21
140
718
794
382
487
448
181
683
291
595
983
759
213
839
339
206
222
963
350
483
598
552
252
106
883
236
394
757
487
381
592
554
741
677
479
756
880
946
262
163
391
246
159
797
452
626
752
647
744
374
608
152
204
517
900
202
142
728
773
729
953
498
709
416
540
255
257
935
12
479
98
808
983
296
75
680
383
817
7
295
70
277
987
609
143
981
915
5
482
177
166
381
974
746
1
681
974
8
746
1
410
42
328
518
313
690
985
270
192
34
209
735
795
113
57
879
137
269
995
645
453
344
573
513
76
477
786
368
694
222
990
25
160
501
83
284
482
232
976
525
806
973
704
95
840
539
635
875
344
124
164
730
751
887
404
484
689
540
991
258
110
965
266
839
568
758
177
601
817
528
743
125
625
434
190
552
52
820
603
562
897
455
573
575
837
206
665
396
312
442
108
680
849
964
268
64
865
988
122
552
355
558
602
265
277
247
836
642
789
838
441
696
882
295
269
193
754
174
929
848
252
612
73
631
943
581
111
136
859
731
89
337
836
379
381
412
188
586
588
242
446
754
987
403
920
844
655
491
341
189
465
126
248
71
677
647
531
47
928
722
919
705
799
379
258
929
698
525
332
952
867
605
678
888
198
622
77
691
362
507
228
232
459
807
205
282
150
628
389
196
359
663
209
321
425
28
740
717
814
285
730
745
483
2
214
386
611
471
238
220
947
1000
741
415
847
259
608
822
689
723
735
965
911
780
118
398
271
736
371
370
481
987
365
64
831
307
87
563
401
348
369
747
757
596
179
11
899
343
453
817
375
526
465
556
598
516
806
556
1000
700
327
893
650
856
344
40
256
457
866
212
605
481
416
859
328
181
252
225
323
423
205
36
969
59
680
607
51
675
925
156
696
473
647
607
471
121
9
239
125
444
871
563
574
316
630
661
25
644
514
818
462
929
186
488
810
656
163
362
365
69
635
55
462
656
715
402
322
887
434
826
247
960
206
258
854
627
602
542
906
759
146
834
648
455
614
569
755
515
748
668
525
412
418
369
433
996
718
166
936
42
870
67
528
734
935
683
265
19
832
146
580
213
901
937
816
544
68
554
416
834
939
970
785
595
551
284
382
408
789
292
896
238
264
544
569
652
191
96
507
396
636
355
979
93
354
156
702
35
364
576
608
455
642
276
684
799
510
296
356
314
168
733
171
784
234
135
940
986
979
864
519
386
301
158
962
66
967
16
653
365
17
150
240
17
869
358
534
427
237
285
536
589
751
983
776
374
700
986
431
83
820
743
822
3
659
88
878
554
972
850
413
990
72
306
904
530
28
158
258
609
131
491
631
43
73
94
985
433
79
600
237
648
554
714
772
212
557
741
823
117
402
73
298
633
556
880
771
674
340
367
90
574
279
608
825
741
48
978
1000
670
820
202
773
22
537
737
151
106
670
612
985
827
826
967
267
32
972
491
991
890
812
801
493
855
293
594
595
193
365
193
368
596
387
499
465
410
130
687
372
689
235
838
249
614
577
575
669
272
866
844
935
911
526
620
171
580
83
93
672
847
756
476
274
829
253
914
687
269
19
535
34
2
171
437
511
545
825
841
411
603
851
634
996
784
581
848
952
783
286
718
494
381
534
286
82
908
925
723
192
225
955
220
497
600
841
630
679
835
231
69
964
759
52
357
326
246
344
945
95
862
8
435
457
632
793
419
398
515
892
637
828
506
971
551
734
429
863
532
72
147
773
842
134
533
969
134
358
400
850
288
295
31
896
278
225
609
359
830
983
127
136
403
221
606
263
254
936
673
997
383
847
200
661
306
985
823
823
957
720
517
941
641
805
142
477
921
223
544
72
625
742
700
258
238
493
315
375
315
739
929
321
262
51
829
414
952
732
846
199
696
42
351
796
844
140
142
199
701
344
663
810
807
12
380
518
846
386
868
589
422
561
820
721
495
55
329
235
616
81
727
787
107
902
34
345
656
654
477
893
932
7
851
823
626
205
42
796
821
269
119
741
972
127
697
77
699
636
827
1
790
23
692
242
671
976
902
736
56
220
453
56
492
807
863
765
215
294
551
466
700
282
929
895
627
348
250
528
605
722
742
502
384
823
537
806
276
458
616
99
342
331
125
640
647
107
425
231
855
586
467
354
777
532
831
150
106
986
592
476
169
751
741
997
760
18
480
887
398
451
9
408
403
193
776
2
157
346
875
829
509
803
46
301
362
832
320
709
736
755
511
113
948
559
782
977
25
593
755
525
898
569
195
442
673
636
24
75
270
85
262
361
652
673
450
689
304
880
375
469
716
684
751
1
894
441
961
61
557
369
79
517
48
298
966
349
462
407
533
98
823
952
229
87
426
390
409
471
352
756
114
895
25
278
396
845
998
784
923
551
945
746
621
620
157
989
484
355
195
529
569
527
492
322
439
641
121
449
746
246
173
73
259
8
405
297
467
331
788
978
883
237
363
210
972
299
799
95
3
967
247
929
39
385
84
218
236
908
495
476
977
153
30
565
38
110
509
252
342
566
10
797
453
532
165
455
735
555
918
766
742
351
757
431
2
919
91
712
882
195
21
672
522
785
211
371
231
822
75
350
122
185
54
223
642
172
952
453
968
949
860
149
659
251
132
809
762
318
17
662
928
626
509
371
865
328
231
233
480
387
572
612
414
119
387
507
865
676
971
671
100
973
665
775
834
490
524
958
401
6
195
710
470
507
833
708
158
830
258
865
149
420
600
543
51
256
403
1000
1000
930
187
777
379
765
280
353
601
267
228
179
671
808
10
651
86
293
320
609
665
544
955
461
701
530
91
789
158
94
871
33
209
547
93
650
913
138
25
919
46
835
948
611
615
995
780
810
97
569
917
986
942
215
678
240
447
733
700
207
52
659
732
155
408
84
264
543
840
127
191
233
476
988
446
389
514
286
647
870
155
382
230
106
85
113
469
380
247
687
723
913
991
82
885
823
830
955
878
196
925
233
910
128
76
43
269
412
334
760
770
49
919
693
713
665
17
605
928
844
622
382
451
816
38
170
778
611
5
752
102
904
94
716
916
944
452
599
181
647
811
107
799
516
346
659
774
520
620
913
274
821
8
105
203
594
385
215
318
518
353
908
914
248
424
646
564
116
240
372
113
121
993
491
515
365
312
475
871
591
28
233
558
111
496
4
147
701
501
55
361
547
718
876
349
200
587
776
195
888
29
616
841
408
906
604
357
984
609
880
401
796
246
458
578
694
841
857
985
808
632
297
639
981
950
138
722
533
962
115
526
713
1
17
406
698
998
437
7
101
838
688
949
999
290
915
947
17
280
929
829
498
502
999
289
634
801
561
516
543
573
460
836
385
255
10
277
30
896
292
726
748
989
470
678
969
778
32
197
905
996
914
646
455
627
788
62
220
314
75
577
579
433
46
932
262
197
399
615
327
771
777
524
542
509
361
993
907
315
449
890
985
666
668
91
441
821
630
400
381
836
640
780
956
654
978
238
904
273
163
897
443
242
856
761
403
727
339
838
494
622
603
601
787
504
135
743
408
201
815
84
846
427
496
100
795
157
939
265
367
397
114
226
727
121
904
425
680
135
877
358
954
608
24
55
41
17
882
650
153
17
235
970
530
499
206
638
764
388
588
922
948
453
854
63
871
88
873
125
2
402
514
368
697
989
215
758
184
542
556
825
177
958
42
131
76
948
262
535
361
525
130
223
890
265
758
117
94
260
963
396
169
121
595
229
905
275
356
656
240
336
994
471
257
593
803
871
21
35
665
683
330
801
975
750
314
363
341
539
170
392
285
45
488
916
575
968
129
627
138
550
366
680
86
322
124
30
784
994
384
984
22
957
480
339
362
144
698
1
352
758
933
971
525
401
921
10
610
462
429
343
838
246
171
926
373
299
705
724
874
794
562
48
918
276
603
331
551
342
817
29
816
276
734
481
967
611
382
865
147
608
212
363
148
942
552
326
377
633
432
728
127
953
46
403
226
549
266
300
116
60
585
93
406
535
37
637
616
4
586
108
449
353
605
541
833
46
333
439
926
151
194
15
336
238
61
807
375
879
606
509
744
437
928
361
257
131
210
596
882
469
219
919
41
348
734
378
377
412
217
811
66
935
42
495
761
677
644
205
277
162
621
32
863
94
320
918
211
156
279
846
624
939
596
103
383
27
382
518
724
275
105
542
331
69
387
321
843
975
442
756
496
35
506
953
934
860
192
381
474
167
290
440
66
941
338
859
378
793
440
983
22
568
909
579
333
50
288
273
118
263
511
815
468
253
280
387
150
674
699
230
64
904
467
155
929
74
179
491
660
629
620
37
550
14
840
821
353
754
702
174
801
804
916
1
653
136
137
880
686
576
31
68
208
103
24
210
628
605
41
463
549
84
604
989
958
76
569
656
337
968
246
171
192
165
998
631
650
613
37
31
774
557
5
443
204
587
284
841
81
240
509
513
294
151
283
890
395
659
595
877
838
938
776
65
605
194
431
512
709
473
82
210
637
101
917
636
308
286
274
506
933
859
637
628
216
241
197
266
933
641
816
311
528
991
455
900
395
596
723
132
930
634
707
137
475
314
263
350
413
281
238
266
674
530
775
292
474
347
370
107
406
72
493
555
488
460
533
883
264
343
877
840
738
49
182
711
148
375
606
191
837
525
889
856
57
121
612
435
585
415
383
949
22
331
691
745
654
912
812
426
304
253
578
793
824
647
255
98
229
1
937
455
598
224
200
675
204
111
518
916
776
338
514
62
811
167
331
934
777
958
926
67
764
868
632
984
388
299
824
818
924
313
412
495
887
2
661
295
72
609
364
994
359
254
988
28
946
53
361
685
163
277
638
33
455
645
234
151
204
911
486
703
490
55
571
839
437
521
962
293
312
461
250
651
147
458
578
455
618
45
839
548
645
792
949
758
244
497
582
26
17
631
567
534
289
661
852
980
324
248
296
78
754
988
987
204
786
161
491
104
480
931
605
310
989
494
454
673
185
188
811
729
136
892
441
430
73
951
61
462
734
190
618
16
533
21
386
280
675
34
147
192
742
240
897
21
586
651
805
957
825
356
225
74
46
40
716
425
678
129
915
697
620
31
927
770
102
551
426
926
398
306
748
429
82
424
156
853
297
266
408
261
920
805
248
560
205
620
171
509
473
958
740
449
436
900
580
114
8
913
136
444
839
109
888
887
976
848
845
73
208
445
725
453
450
368
36
488
472
651
286
208
455
760
663
94
816
329
237
802
792
101
75
62
686
522
869
838
343
199
383
261
59
695
500
812
787
956
323
15
450
199
11
372
193
761
743
593
136
252
571
50
419
798
23
687
686
809
548
266
458
478
508
883
417
334
211
940
359
524
649
81
130
823
730
925
212
976
994
438
716
148
99
722
520
733
100
156
465
851
228
963
243
700
792
416
222
536
677
806
6
519
164
547
704
701
329
891
651
430
29
469
798
918
288
483
132
86
730
188
985
201
21
720
471
58
214
556
854
175
141
895
675
926
263
870
123
63
4
662
659
118
517
720
143
992
562
761
523
681
452
502
521
914
90
60
976
122
1000
67
546
280
427
315
871
92
262
50
438
325
405
763
883
516
634
455
909
85
421
104
213
779
92
214
684
337
856
913
784
198
13
101
343
17
214
428
735
842
310
182
205
308
603
310
846
96
843
744
701
816
436
122
106
439
431
569
877
158
350
427
203
474
738
286
833
288
524
622
527
926
405
369
796
916
327
52
761
646
222
24
499
499
224
606
668
884
483
237
377
687
204
639
468
52
183
277
204
68
885
566
198
507
369
558
242
833
997
847
862
498
804
712
399
7
581
181
76
708
206
586
107
781
937
213
476
435
313
120
436
351
1000
88
754
99
749
399
822
381
247
15
499
644
502
306
231
653
995
640
931
604
271
166
13
559
386
982
913
843
929
24
429
848
749
101
683
40
899
224
843
59
419
252
996
250
629
652
743
233
299
525
932
511
932
244
167
197
27
475
996
835
346
244
355
830
693
589
370
566
460
768
842
703
771
995
244
725
614
561
802
24
50
738
843
295
861
953
748
57
12
486
756
718
209
748
788
828
323
819
909
471
203
608
15
848
123
100
76
159
661
173
948
122
340
873
828
539
825
660
104
428
104
703
534
241
641
642
912
539
484
312
854
574
408
465
257
80
695
373
852
965
86
234
317
797
60
941
658
549
749
91
944
462
677
497
641
597
126
893
955
860
627
817
172
734
169
390
680
962
81
208
259
762
466
651
75
547
640
791
454
168
600
764
793
746
823
944
308
423
821
830
242
353
674
13
544
411
978
820
384
475
303
675
264
709
314
977
710
879
30
927
518
273
370
956
743
551
986
136
404
19
722
499
767
524
198
715
63
848
334
552
394
88
983
411
846
574
934
796
462
763
804
518
648
556
795
449
138
679
411
673
245
10
61
99
779
260
803
343
760
264
571
481
326
589
349
568
493
457
923
882
511
81
451
88
937
599
70
634
195
531
269
861
56
849
242
890
496
963
960
973
275
584
860
454
646
993
760
506
348
566
450
398
692
307
759
656
999
57
79
433
876
95
366
464
786
741
487
22
962
757
962
383
79
232
774
6
223
411
192
860
79
1
739
180
341
702
996
371
607
489
964
598
45
985
267
390
611
697
1
632
336
270
914
796
456
550
129
513
164
484
716
137
286
430
253
507
527
237
903
323
328
8
56
985
283
364
538
198
908
295
952
170
604
506
907
20
298
355
462
592
695
47
928
613
48
177
386
256
664
503
931
189
552
150
871
54
703
514
669
710
444
988
843
23
181
805
296
740
56
244
508
240
492
327
255
646
982
545
63
992
575
390
177
98
28
607
882
740
988
589
924
524
545
988
879
552
985
416
190
84
52
759
504
498
866
647
461
161
597
301
227
394
751
997
107
173
18
40
86
383
21
138
726
940
394
387
113
644
513
538
119
210
577
778
718
5
320
191
236
682
242
442
171
634
201
546
779
558
178
869
961
89
147
981
4
400
163
636
51
468
654
204
796
380
516
444
239
153
388
692
42
904
966
88
812
461
835
92
882
434
748
94
577
245
453
108
230
402
603
272
57
64
491
282
809
996
181
257
174
781
83
509
579
76
403
546
559
551
327
905
919
799
719
548
240
606
751
699
229
930
289
568
736
965
18
776
44
559
199
539
196
863
671
240
612
309
978
278
482
281
170
493
835
11
971
78
592
465
510
768
502
354
961
601
701
462
465
579
765
594
377
124
849
446
505
539
246
667
903
234
235
589
91
231
528
574
323
547
711
862
317
439
497
969
686
556
212
446
635
195
732
915
46
395
322
282
502
159
805
349
373
76
504
297
299
8
615
598
631
867
632
585
757
568
882
721
689
581
239
562
525
209
300
488
131
931
822
998
812
903
310
870
711
471
365
352
1
986
189
174
960
870
53
332
406
71
944
350
821
926
140
287
435
864
436
552
320
418
672
756
174
617
7
429
697
449
700
92
764
878
626
188
280
79
640
678
409
148
273
228
812
855
969
102
453
953
336
977
258
509
992
205
526
301
917
926
789
253
275
84
476
166
738
230
219
642
921
782
942
96
462
161
622
659
239
407
245
815
510
46
101
175
744
568
322
436
965
517
295
453
751
455
389
712
661
420
155
162
268
418
807
423
567
881
856
844
580
117
401
974
308
255
637
814
952
969
713
598
175
676
120
986
788
936
472
936
744
717
36
313
9
249
411
719
104
519
369
291
330
753
75
392
981
281
153
825
193
739
970
275
611
182
40
341
331
555
106
261
371
727
521
468
301
181
708
476
497
944
914
205
99
284
332
849
20
355
420
41
140
980
207
894
382
511
661
150
95
529
750
868
385
713
757
497
641
841
734
332
323
901
481
927
349
662
725
253
860
844
647
124
348
757
473
902
665
806
763
601
611
68
844
656
310
303
164
917
980
949
907
402
785
445
497
302
892
474
29
282
732
956
235
4
32
813
95
280
915
161
221
440
972
97
793
318
9
719
99
998
750
946
976
943
818
317
165
5
897
667
308
134
200
442
973
302
899
257
54
559
677
167
297
860
618
600
65
660
988
436
533
532
227
86
786
949
306
961
265
675
357
742
652
317
779
879
735
975
369
209
8
5
652
152
83
55
916
390
686
21
475
910
944
330
680
727
909
427
723
95
122
379
269
735
380
843
532
19
426
620
611
203
998
758
441
693
950
735
341
957
777
425
985
505
310
688
64
776
196
860
512
355
200
755
241
903
661
534
623
253
815
375
300
998
482
815
894
770
684
116
9
683
859
329
383
755
159
533
147
328
775
721
905
408
113
966
267
572
844
501
768
990
856
972
418
199
270
663
981
55
401
418
733
789
179
872
53
552
901
416
204
747
479
307
307
324
238
610
707
988
106
910
525
286
326
932
896
151
44
581
403
235
487
254
424
250
262
969
305
274
421
305
176
264
657
96
849
397
696
702
730
712
973
631
137
869
413
883
635
252
367
680
254
55
879
483
621
161
263
718
546
831
970
963
574
442
774
895
972
143
244
71
871
742
556
609
224
492
112
220
851
249
442
49
376
542
719
775
433
414
17
30
549
388
684
257
403
590
464
995
783
314
855
152
914
178
261
497
973
278
167
448
147
570
878
860
710
29
91
456
394
604
661
863
476
408
942
773
167
240
969
494
383
331
353
875
481
428
549
734
981
132
84
480
312
93
869
641
541
645
366
417
745
829
250
186
201
143
708
581
369
730
552
273
111
122
520
508
524
968
814
39
692
169
41
535
362
451
363
945
779
368
55
753
231
915
165
974
675
365
210
206
98
818
838
957
302
906
927
246
339
193
796
559
713
792
863
280
268
331
791
26
443
589
928
988
592
554
728
414
166
83
99
159
180
207
232
86
980
72
569
407
103
309
885
406
969
952
1
682
712
365
700
623
304
602
970
675
349
593
632
432
988
428
326
245
765
170
428
334
367
369
772
820
163
420
526
998
186
805
928
575
76
796
325
285
705
203
208
587
401
214
527
613
349
835
817
696
308
517
863
578
671
96
766
98
217
384
543
795
302
282
597
328
291
453
433
878
897
80
615
110
752
982
930
383
299
607
304
685
728
797
589
352
473
263
929
166
198
405
891
253
271
974
903
476
57
726
327
40
412
410
433
968
781
118
967
432
281
992
175
803
512
408
795
906
90
918
967
899
825
160
330
911
424
840
552
561
73
31
536
349
997
911
578
154
182
532
550
635
749
912
758
119
719
160
348
531
736
352
491
375
170
129
833
153
223
167
461
802
78
36
179
828
272
994
469
631
908
494
10
30
488
450
237
656
367
663
511
387
269
560
650
463
723
4
734
793
869
397
68
683
27
437
997
126
663
324
738
745
824
261
922
479
852
727
713
982
78
884
874
305
696
22
92
863
209
670
178
770
337
434
141
53
843
191
361
331
642
983
526
202
219
50
121
293
526
482
307
417
494
181
81
10
739
235
451
610
416
418
138
719
256
459
913
985
857
308
10
245
591
422
740
422
514
423
860
798
931
233
15
702
469
578
488
564
796
462
90
355
257
186
712
571
635
890
934
607
880
949
50
817
936
610
342
21
235
652
817
317
829
741
900
352
714
860
43
777
379
358
314
627
814
165
894
626
244
862
906
366
585
283
389
85
484
747
535
261
784
295
149
70
186
540
98
166
326
485
915
446
89
853
448
388
629
482
611
579
662
3
219
813
871
358
569
164
633
55
656
262
71
804
27
706
412
181
592
307
230
940
317
545
649
391
239
767
648
156
654
612
905
324
437
374
596
269
131
777
766
216
181
785
172
452
269
294
967
606
918
961
33
611
1000
514
107
228
401
903
13
173
17
526
28
614
394
566
178
157
842
718
212
503
587
359
935
969
871
709
160
636
390
251
424
925
453
43
95
498
776
513
839
644
814
630
704
976
83
431
607
76
243
269
298
360
243
20
75
311
846
652
374
508
161
714
922
986
190
296
198
38
249
482
126
937
391
204
829
635
573
986
668
681
503
68
781
645
804
373
104
696
656
679
653
760
190
239
391
765
140
711
64
479
386
445
879
556
441
664
23
823
665
170
761
549
944
995
562
943
151
258
916
628
382
549
697
972
569
479
3
31
914
551
651
665
704
341
795
834
347
553
709
133
745
895
556
170
869
784
706
64
925
257
559
155
109
589
673
349
219
254
937
170
292
295
403
510
654
177
598
518
215
780
352
897
113
772
213
589
691
920
635
233
324
131
978
198
817
593
129
603
760
717
957
336
805
804
792
733
967
242
116
450
375
148
817
28
128
491
284
438
205
129
55
227
329
483
474
18
913
322
90
541
545
652
761
114
376
808
807
768
205
448
392
702
136
430
44
619
579
714
525
231
396
632
537
671
855
371
514
610
250
40
774
280
544
850
710
46
942
974
610
274
342
699
854
865
857
628
941
328
826
201
936
830
789
46
471
229
145
954
788
177
142
357
130
15
140
797
887
39
366
148
343
113
861
283
294
352
510
999
190
708
30
548
688
52
139
322
613
241
578
761
352
501
774
684
644
550
606
643
384
375
455
734
77
683
675
323
867
407
253
499
500
57
501
946
738
900
56
685
971
953
745
549
156
249
386
804
931
201
437
9
864
457
782
316
70
514
908
257
954
693
336
401
799
789
25
75
978
980
112
941
604
117
58
420
35
149
639
522
69
362
530
288
65
60
173
450
61
874
56
723
827
541
672
228
100
754
856
267
697
834
781
1000
925
164
590
375
713
170
506
704
493
731
869
992
303
386
668
156
135
244
769
279
856
878
561
775
483
616
926
433
499
705
339
751
178
35
152
165
108
635
895
697
580
110
562
262
739
103
20
363
11
686
139
659
928
362
456
149
316
707
957
322
246
390
384
123
826
390
935
892
482
547
341
254
301
313
313
145
54
470
931
819
643
195
381
580
641
858
928
588
85
975
516
984
539
271
79
918
149
615
223
420
748
540
754
717
4
994
161
279
718
258
482
51
618
166
439
547
355
338
812
228
473
630
568
849
361
922
428
163
491
932
997
2
928
253
258
334
295
266
157
744
136
414
800
688
293
65
48
48
209
771
456
463
307
385
533
605
145
26
778
990
66
100
134
68
248
305
337
998
477
851
761
494
480
69
515
200
449
68
167
947
61
996
592
790
850
486
885
530
185
445
107
241
582
764
870
59
434
180
873
398
460
413
398
816
425
811
968
561
461
565
884
118
351
542
890
506
138
693
291
70
719
339
458
276
574
816
810
531
485
768
992
78
914
259
30
650
285
417
557
531
964
205
32
275
318
560
535
887
452
482
403
274
721
867
427
75
392
774
948
624
148
166
25
281
270
516
597
774
733
421
43
287
987
474
245
724
109
164
983
452
205
113
612
864
67
766
647
79
619
582
617
275
181
51
594
20
528
876
862
108
173
227
955
175
22
803
78
665
256
45
787
971
403
751
527
668
615
706
86
757
958
557
520
60
840
398
395
202
70
799
922
661
658
650
432
708
575
262
300
212
557
428
55
62
294
585
147
419
839
780
426
874
537
578
728
218
478
919
362
483
938
37
395
497
196
530
364
269
475
775
181
363
341
989
95
906
776
692
691
418
530
591
539
792
753
272
937
860
873
82
126
906
891
301
901
346
843
467
430
622
930
807
249
123
654
232
770
982
934
484
710
772
766
710
773
752
801
637
375
294
569
625
68
893
432
880
771
820
56
75
564
557
490
272
316
494
532
94
742
299
298
605
658
168
238
768
650
226
276
140
930
541
587
44
433
161
53
564
478
382
734
276
206
62
634
315
638
79
798
743
6
437
952
312
583
961
872
663
22
947
620
58
139
350
476
625
807
860
818
228
381
983
185
786
426
619
149
155
387
983
643
187
244
222
573
416
50
240
254
103
26
271
427
271
981
433
424
801
336
571
995
16
655
815
280
673
665
299
402
68
467
435
195
630
421
254
732
905
674
996
592
893
894
804
374
20
939
647
577
699
918
705
471
959
647
850
318
24
861
856
728
171
851
82
521
346
728
6
286
180
631
414
857
937
745
81
768
400
25
84
317
894
586
910
962
682
208
92
662
911
438
958
513
614
13
851
176
347
85
830
334
437
589
290
184
535
535
502
879
19
80
634
147
329
637
840
949
710
135
372
643
815
444
613
173
488
259
970
452
725
453
332
541
221
576
762
766
235
765
616
141
543
480
891
903
440
911
746
730
694
339
11
847
284
370
299
485
679
28
266
999
769
414
148
762
877
736
15
573
331
549
251
343
691
592
208
541
487
4
837
498
270
173
789
188
910
982
903
725
926
206
452
34
83
362
783
413
95
521
612
797
826
472
493
381
172
179
877
52
795
4
106
395
196
463
744
355
959
232
55
259
293
636
480
842
277
403
536
46
356
683
47
952
120
151
324
265
806
202
359
456
609
781
866
955
90
552
705
351
743
852
267
1
135
318
396
483
119
734
939
562
752
149
946
626
421
956
320
707
956
329
819
257
439
756
461
667
584
625
92
154
620
987
828
311
504
4
5
575
111
947
84
712
773
214
49
563
652
558
998
596
807
704
771
594
233
737
588
234
372
78
657
446
810
697
530
727
786
894
540
712
282
746
520
932
856
63
763
566
403
79
389
724
917
592
863
168
914
685
839
957
982
345
80
71
680
932
79
489
771
700
944
413
606
107
976
448
219
102
364
953
572
944
763
209
188
288
538
731
294
744
86
479
894
397
707
391
29
821
573
774
952
719
596
106
451
359
763
943
877
86
509
825
485
605
561
725
960
221
617
227
381
272
313
57
932
250
281
374
56
754
188
460
133
522
759
602
648
771
18
296
326
709
551
841
943
611
335
566
933
802
682
26
49
818
883
120
768
340
197
993
570
610
686
466
24
633
815
125
770
805
991
847
706
984
560
737
467
232
932
730
591
534
423
631
238
942
984
35
655
805
972
776
24
372
217
143
902
269
809
261
997
419
101
716
417
267
308
165
154
872
592
983
861
548
725
485
382
11
949
479
444
226
367
226
903
290
737
27
539
149
626
610
24
421
624
170
503
979
534
94
164
923
305
662
992
157
709
569
819
278
753
638
837
690
501
256
188
602
975
119
446
550
772
502
387
869
905
164
380
668
865
397
670
980
347
62
948
732
728
497
86
912
491
255
133
494
14
987
819
986
347
567
930
221
221
59
229
485
294
865
955
39
664
253
818
313
207
921
563
330
140
408
352
625
618
430
751
319
479
511
830
749
916
631
829
919
491
375
282
45
310
88
320
198
554
154
728
68
893
830
847
34
71
296
582
550
69
686
271
732
353
678
835
67
659
787
718
820
384
813
831
328
745
336
575
141
231
36
608
528
33
929
350
591
913
533
427
493
478
956
805
718
506
73
13
266
387
234
887
976
638
467
29
372
37
395
319
713
611
46
596
738
11
545
60
320
186
218
828
253
344
447
508
464
357
417
886
757
63
52
272
243
181
335
438
219
251
332
476
573
675
14
862
934
813
213
105
647
968
804
153
197
57
882
291
939
326
346
129
357
413
723
722
638
866
308
909
97
262
875
307
454
210
450
402
628
497
714
161
474
215
807
800
993
154
313
402
762
235
500
52
217
985
497
941
110
612
173
587
440
713
410
186
865
368
417
365
240
76
38
814
793
178
312
299
902
103
592
525
26
5
399
665
440
836
100
33
177
246
778
160
462
900
117
850
809
909
969
695
74
904
217
861
272
660
827
249
240
650
865
495
905
288
245
651
740
919
761
602
498
939
660
71
550
659
690
589
864
108
600
479
461
257
943
804
335
525
754
563
878
194
877
331
8
322
812
907
294
994
836
895
795
408
451
980
846
551
745
570
716
353
921
126
972
975
166
549
770
793
837
999
47
324
488
43
682
170
506
230
859
785
777
505
643
446
484
443
879
811
760
366
130
885
415
77
537
170
523
119
950
995
53
232
477
54
599
582
894
363
356
236
908
457
622
419
119
798
674
366
988
253
437
415
145
678
286
464
289
951
751
196
710
372
103
782
220
154
839
855
288
688
701
921
967
679
173
269
289
752
73
742
362
965
471
816
615
718
261
732
772
679
665
606
330
271
404
145
787
441
979
204
514
205
62
814
392
42
303
869
999
993
523
166
782
954
614
864
759
545
402
582
927
612
810
555
524
100
154
117
656
830
187
706
369
910
122
20
713
893
596
382
117
296
289
722
207
444
256
608
655
567
206
103
983
435
768
206
898
848
693
353
826
820
768
908
216
466
205
683
438
162
390
437
445
940
915
216
713
360
691
294
588
97
514
84
57
486
33
113
499
283
855
620
544
137
884
951
937
884
535
633
397
294
332
30
315
334
308
295
345
985
923
617
595
773
885
424
679
427
238
24
32
207
587
891
505
510
910
980
881
819
996
190
883
211
545
258
160
553
910
1000
758
546
979
488
162
771
521
533
219
681
155
913
862
900
311
728
796
91
927
766
957
534
606
948
181
789
354
979
987
157
776
193
128
50
477
285
2
849
787
196
20
533
749
974
78
354
182
220
690
902
893
846
837
812
867
588
8
409
387
799
1
362
19
252
694
516
551
324
283
342
170
625
600
353
234
950
658
480
450
262
305
101
94
293
677
937
394
470
874
140
893
841
484
20
201
504
199
458
296
825
459
19
494
966
607
352
730
61
110
538
986
299
193
527
278
842
66
477
491
613
235
777
883
893
198
107
160
472
894
29
419
275
231
33
140
485
523
678
610
448
508
331
248
202
594
607
511
885
564
901
868
249
763
169
331
97
927
634
161
992
708
423
705
223
607
2
18
60
186
274
252
61
449
52
601
252
143
844
357
726
15
646
327
842
527
214
727
33
754
52
101
779
935
622
801
761
302
427
468
268
134
741
723
102
303
364
746
373
968
839
5
282
440
686
888
431
716
178
878
451
448
581
180
708
195
431
434
332
201
630
647
237
996
977
831
701
215
68
29
98
600
421
916
25
831
656
140
474
772
846
675
539
419
339
117
537
689
106
710
665
680
991
986
166
73
336
803
663
533
71
996
63
857
397
334
719
597
465
975
741
561
601
581
260
613
711
646
863
203
809
302
866
235
840
617
507
367
258
921
660
632
810
944
873
110
153
383
72
967
731
87
663
601
547
750
412
438
426
135
787
671
35
389
975
576
674
87
787
158
470
895
689
980
924
935
439
452
364
554
638
644
928
863
669
447
162
179
93
78
351
520
253
955
859
257
564
475
1000
414
193
881
426
409
339
39
578
846
644
226
206
774
395
374
926
910
417
862
510
895
950
834
175
583
792
935
282
123
168
733
657
277
589
162
767
93
216
736
672
784
259
868
128
967
465
735
619
801
266
91
549
298
437
673
417
358
157
517
446
455
192
228
313
184
624
52
139
206
392
379
909
384
551
630
417
811
206
68
37
520
784
831
667
564
258
688
914
124
313
448
337
458
201
478
398
46
118
186
674
685
691
637
435
37
786
660
567
73
747
977
688
356
397
804
653
297
461
229
435
225
841
819
961
957
390
322
11
301
995
370
329
273
703
985
878
666
50
30
555
647
713
648
120
158
813
926
317
947
414
934
530
692
445
855
608
981
443
237
636
310
302
980
218
419
484
245
109
624
252
192
332
523
676
917
697
693
293
623
777
494
273
69
964
851
969
903
626
534
162
329
698
903
614
417
956
392
346
431
568
10
504
334
640
431
544
180
417
423
86
331
504
89
793
994
304
103
855
520
762
647
446
737
647
938
483
943
884
965
446
824
17
435
108
652
243
688
439
824
43
911
422
956
186
289
606
857
637
745
998
439
419
98
535
692
874
723
499
502
670
990
625
610
123
995
420
926
81
506
35
435
192
157
603
512
940
1
922
605
168
434
789
272
931
304
908
41
115
587
410
780
708
258
143
496
530
148
76
518
90
846
616
488
716
636
600
204
295
660
586
843
514
959
31
126
556
582
900
213
917
592
164
553
970
989
77
17
960
250
868
959
802
279
494
889
184
926
661
683
469
437
791
928
880
363
388
56
171
486
658
642
724
357
617
823
706
227
189
416
466
903
526
313
919
722
570
980
716
218
449
267
238
717
478
390
391
405
388
635
910
325
590
261
721
770
926
826
299
52
57
262
365
226
615
557
684
841
984
910
399
304
501
38
925
456
143
421
82
151
924
375
945
85
544
312
8
542
239
612
489
524
147
360
463
348
352
934
99
191
614
496
498
512
982
224
990
539
351
243
258
470
730
6
928
761
916
57
6
299
551
17
161
49
772
688
184
308
32
9
614
657
215
47
805
477
385
648
946
230
30
90
378
661
478
585
190
639
894
941
40
274
440
226
527
454
935
197
292
222
210
198
839
902
633
603
738
191
597
242
683
290
448
176
752
532
937
935
267
968
68
496
522
423
124
622
238
542
634
243
306
80
948
539
693
151
918
85
186
104
245
408
556
256
518
264
520
200
513
349
615
129
974
540
626
136
700
711
697
874
188
434
171
891
865
30
716
165
229
17
808
303
778
494
776
423
5
825
74
889
354
56
237
314
37
315
712
408
367
114
438
356
729
934
881
675
54
973
575
392
355
910
48
249
172
773
637
783
795
381
549
707
636
850
808
630
189
718
905
146
237
317
942
726
817
395
581
821
620
95
495
499
929
265
52
568
256
533
842
363
835
653
579
318
214
53
175
656
496
162
234
514
916
573
74
269
670
545
792
254
798
93
553
934
840
146
805
700
606
879
626
278
893
947
747
978
201
492
460
397
195
175
356
337
244
357
431
286
792
265
171
707
981
977
621
510
158
661
993
375
803
833
978
88
602
68
640
141
937
434
266
941
747
786
252
932
575
868
972
908
946
676
327
587
329
265
175
731
381
425
380
545
51
374
752
83
660
792
671
447
859
163
827
728
889
378
298
670
442
166
483
541
547
427
217
434
388
262
527
964
159
801
360
488
746
743
82
299
238
687
743
245
298
111
196
326
948
188
266
221
72
435
212
801
847
351
575
281
232
963
150
871
730
606
664
806
44
672
288
860
9
933
272
639
447
692
561
820
606
57
927
231
559
831
64
954
892
758
568
287
631
92
314
666
36
913
13
45
117
83
415
422
9
593
491
55
186
269
516
286
964
191
255
935
918
115
811
923
875
481
634
551
29
595
640
972
439
793
374
255
169
39
290
456
930
388
213
439
53
687
886
398
819
322
618
732
304
367
624
227
330
690
326
346
292
188
460
600
127
588
120
187
899
560
885
435
34
194
966
763
145
330
126
210
228
338
973
152
373
1000
408
731
783
328
366
97
804
127
690
626
645
559
432
13
457
245
641
69
206
653
478
239
395
952
320
730
284
877
359
400
833
89
634
192
584
329
181
294
252
694
531
494
87
700
985
182
398
594
418
862
734
172
19
704
567
821
143
132
719
807
507
724
799
5
904
26
679
503
485
886
997
921
45
807
582
34
115
531
633
922
782
274
24
192
639
532
502
103
978
972
671
285
579
890
926
974
764
246
195
402
171
854
240
173
582
499
760
16
958
467
125
855
398
206
216
452
431
186
853
325
404
885
202
856
356
310
933
167
258
570
890
394
231
996
649
603
91
96
981
194
173
262
905
346
319
335
150
347
832
570
523
499
606
202
706
574
139
964
143
90
157
298
608
895
891
128
632
753
597
871
370
3
348
419
213
111
826
33
888
427
819
859
699
270
241
546
262
15
683
723
229
463
795
885
125
900
228
356
682
667
436
473
958
715
48
225
789
670
816
979
828
483
612
571
244
291
265
215
119
316
40
798
700
294
44
781
286
221
790
610
936
168
147
239
838
53
459
286
79
717
307
145
123
61
979
969
963
989
969
496
537
888
566
92
357
572
522
864
69
913
988
781
901
564
462
679
492
354
688
503
979
632
939
190
775
151
954
490
147
96
711
538
176
46
475
536
324
309
696
812
342
700
40
454
901
785
764
719
377
884
611
350
966
52
671
308
763
195
162
747
283
85
915
217
190
506
284
206
951
522
544
329
183
102
318
310
743
917
181
811
916
523
527
371
454
631
191
203
641
997
897
514
326
103
675
476
566
928
116
248
516
704
946
750
403
47
866
480
76
691
958
809
519
421
723
265
545
185
706
652
144
110
993
117
423
942
536
990
895
699
476
877
196
184
749
480
51
925
747
143
658
705
902
936
994
974
197
117
946
439
996
238
537
876
330
250
760
76
501
67
299
430
628
451
589
578
592
826
72
236
839
713
860
273
377
662
244
265
816
726
487
420
653
591
287
348
816
497
709
666
436
403
536
606
491
53
415
78
913
611
974
587
298
110
350
909
584
777
12
124
967
836
303
448
693
695
913
329
668
97
106
9
87
684
779
994
526
57
690
136
930
314
499
312
961
642
536
825
815
394
815
418
802
918
864
129
742
171
506
48
399
123
573
318
477
30
60
15
251
114
595
898
283
40
567
94
476
653
260
745
371
405
943
784
776
72
777
675
700
933
417
652
871
394
202
448
981
299
892
368
11
755
34
362
37
480
30
265
355
345
519
449
981
426
946
156
924
205
502
126
1000
521
538
248
923
809
532
956
687
272
643
194
668
724
114
551
763
718
449
945
541
288
305
164
362
876
98
51
159
688
459
994
625
98
541
939
500
219
189
780
455
289
69
993
61
775
586
37
207
844
152
939
600
513
812
112
222
594
146
945
294
350
39
389
390
218
530
994
772
342
304
474
921
829
754
702
458
17
906
56
203
549
264
300
899
680
85
766
700
305
324
445
789
814
456
278
216
924
767
910
731
77
555
817
79
957
380
746
517
602
533
228
10
326
403
397
841
721
846
482
486
229
586
495
711
585
463
37
11
799
823
982
957
177
793
881
403
675
480
946
66
85
890
679
995
315
803
610
227
520
467
325
549
472
38
92
333
770
713
18
396
268
879
200
208
493
378
184
116
583
131
723
456
870
920
678
277
348
551
722
958
571
625
701
437
520
609
531
365
397
185
435
12
975
340
878
436
888
992
696
762
710
646
556
816
496
887
447
239
508
857
397
143
318
603
677
222
814
203
291
955
175
678
552
183
876
580
654
64
931
495
732
349
636
689
222
822
451
488
151
651
434
157
873
114
867
475
704
369
28
591
1000
178
650
571
130
581
927
467
267
532
358
857
965
623
722
127
942
773
926
567
694
422
531
866
467
230
706
312
889
825
754
470
977
947
982
343
120
5
701
147
907
814
116
222
116
158
335
914
827
921
327
613
592
3
256
918
514
919
660
844
617
601
282
118
255
811
611
197
733
886
77
122
476
293
492
967
492
48
907
783
928
16
969
526
916
912
760
601
517
388
822
283
123
723
643
134
919
119
638
890
978
529
119
524
879
312
955
396
27
136
531
276
826
178
900
844
319
314
391
682
115
665
919
228
589
788
296
401
433
468
412
548
904
659
240
88
649
244
281
854
960
285
947
916
323
853
690
391
125
273
876
407
447
818
449
102
627
354
110
484
168
904
587
742
51
868
223
154
750
677
771
651
955
486
535
189
365
538
395
301
592
734
785
239
97
966
503
707
979
306
104
906
716
957
167
783
350
723
224
419
104
15
778
76
268
575
19
577
640
488
870
107
827
203
500
676
555
586
142
232
2
91
731
616
614
547
312
912
64
716
491
676
753
830
463
694
565
609
267
982
519
889
537
623
13
57
607
650
194
797
648
594
222
355
349
119
554
539
630
353
304
70
172
607
330
473
168
680
714
508
518
603
801
265
800
612
497
859
527
707
128
362
312
783
27
755
269
112
251
5
222
592
337
38
821
493
235
227
451
973
400
493
450
233
240
600
305
170
801
292
220
658
23
829
462
810
718
768
907
395
969
842
274
764
685
616
347
1
427
776
385
389
221
607
845
822
485
207
585
417
864
979
672
391
909
574
545
891
786
392
72
663
887
478
893
821
809
719
926
146
52
153
770
503
948
312
868
182
207
644
767
863
873
943
629
790
503
809
212
174
134
475
170
623
810
812
850
66
855
823
123
990
60
821
129
920
618
536
39
357
676
313
991
333
972
716
697
312
142
872
225
303
702
329
531
926
895
313
659
407
341
576
20
512
716
75
818
631
898
702
155
333
590
660
553
8
445
556
857
378
900
771
206
415
270
370
434
271
901
769
228
603
926
166
926
808
931
360
360
456
363
541
335
738
55
328
777
295
986
409
795
327
577
174
58
82
29
614
947
886
58
49
842
735
240
539
195
16
312
32
965
433
916
303
101
513
471
215
382
839
782
551
412
975
270
182
13
275
159
80
102
185
141
772
768
905
301
467
660
871
627
260
269
626
829
140
964
497
400
113
456
235
872
885
575
304
986
320
973
411
275
907
212
591
443
162
883
260
842
626
685
358
834
888
13
444
926
707
404
392
582
483
757
922
362
719
998
135
284
709
910
521
144
947
196
773
183
194
825
428
105
391
815
393
737
207
536
612
542
855
297
724
532
755
969
553
525
656
983
171
127
39
581
663
964
937
317
505
351
324
324
471
269
478
956
7
827
688
845
127
456
467
931
491
608
930
16
654
594
530
713
648
862
178
755
107
777
827
207
287
210
182
292
143
814
519
623
12
542
62
683
542
327
653
856
504
226
451
82
261
327
270
415
359
542
244
249
142
737
63
585
352
717
667
251
972
129
329
776
500
166
236
812
196
731
198
666
909
156
679
358
900
184
548
960
264
771
296
994
766
596
383
192
640
410
114
462
160
56
10
264
289
479
622
912
80
237
803
377
300
439
672
124
523
791
776
102
845
267
839
376
588
420
449
966
502
815
96
836
60
18
455
36
764
555
144
594
538
869
184
792
316
998
259
723
931
245
420
271
838
767
51
52
769
168
77
445
389
233
630
326
868
689
666
294
228
684
998
390
641
481
54
649
654
649
551
152
86
112
73
481
309
886
892
303
720
501
924
204
786
203
712
624
806
480
709
403
50
486
792
715
284
124
125
116
781
173
198
921
551
768
80
573
578
999
528
189
634
226
796
346
185
324
268
681
124
53
511
736
730
962
71
447
877
676
308
48
362
676
98
214
154
284
556
320
263
860
347
682
266
484
63
754
988
534
618
499
91
861
310
445
211
966
490
428
494
867
626
487
108
457
728
816
340
850
38
482
326
676
629
380
51
222
200
88
570
9
591
485
970
986
592
182
338
982
486
93
375
441
183
640
522
942
77
207
700
782
129
624
220
562
278
896
641
485
290
978
941
571
559
598
400
791
394
244
458
954
538
293
104
162
89
379
242
477
473
201
600
908
305
87
733
71
728
967
159
850
283
980
635
765
931
956
77
197
375
395
350
717
281
668
144
826
867
46
577
576
164
720
426
747
875
48
737
367
154
864
555
212
913
362
93
73
677
153
410
666
550
515
368
641
337
572
889
993
497
461
273
618
870
290
280
267
246
736
929
817
960
891
827
412
85
233
688
481
494
390
877
877
387
49
410
962
3
577
313
468
258
663
522
689
504
354
120
18
763
818
298
137
204
909
626
526
664
394
321
332
110
376
304
143
394
259
936
716
908
364
791
303
439
967
619
463
626
280
281
598
373
348
947
832
622
577
152
317
823
232
203
376
415
430
784
16
463
243
108
817
724
102
176
582
131
927
30
752
930
852
972
487
880
345
706
822
245
887
817
64
455
586
699
772
762
635
580
229
802
829
284
170
301
591
281
73
902
679
445
920
516
680
470
901
558
356
53
279
138
420
630
438
980
608
295
177
452
730
886
102
591
777
764
445
310
897
313
966
623
52
842
670
268
617
779
89
907
632
636
478
397
442
120
17
87
647
294
93
312
920
595
201
935
208
263
118
102
370
353
869
119
15
107
814
150
875
431
20
428
610
582
760
676
165
434
862
520
275
558
346
116
614
98
848
929
917
70
758
980
404
154
1000
321
905
673
392
163
757
726
98
702
898
219
218
407
58
41
59
818
673
566
126
169
423
140
367
821
842
541
723
392
946
547
724
966
294
823
324
710
405
600
778
468
590
662
544
290
6
103
842
904
330
347
135
16
233
774
490
441
655
